十次五倍交叉平均结果
Precision :  0.8490094150130915
Recall :  0.8469975874014185
f1score :  0.8393643426482527
ACC :  0.8513732004429679
ARI :  0.6472443212907061
MCC :  0.8005429834258097
AUC :  0.9583292331414869
PR_AUC :  0.924034149460411
DBI :  0.35206991216518946
silhouette_width :  0.7598352062702178
